ISRO-QKD-01
1 99000U 24001A   24165.00000000  .00000023  00000-0  10000-3 0  9990
2 99000  97.5000   0.0000 0002000  90.0000   0.0000 14.89338871    10
ISRO-QKD-02
1 99001U 24001A   24165.00000000  .00000023  00000-0  10000-3 0  9990
2 99001  97.5000   0.0000 0002000  90.0000  90.0000 14.89338871    10
ISRO-QKD-03
1 99002U 24001A   24165.00000000  .00000023  00000-0  10000-3 0  9990
2 99002  97.5000   0.0000 0002000  90.0000 180.0000 14.89338871    10
ISRO-QKD-04
1 99003U 24001A   24165.00000000  .00000023  00000-0  10000-3 0  9990
2 99003  97.5000   0.0000 0002000  90.0000 270.0000 14.89338871    10
ISRO-QKD-05
1 99100U 24001A   24165.00000000  .00000023  00000-0  10000-3 0  9990
2 99100  97.5000 120.0000 0002000  90.0000  30.0000 14.89338871    10
ISRO-QKD-06
1 99101U 24001A   24165.00000000  .00000023  00000-0  10000-3 0  9990
2 99101  97.5000 120.0000 0002000  90.0000 120.0000 14.89338871    10
ISRO-QKD-07
1 99102U 24001A   24165.00000000  .00000023  00000-0  10000-3 0  9990
2 99102  97.5000 120.0000 0002000  90.0000 210.0000 14.89338871    10
ISRO-QKD-08
1 99103U 24001A   24165.00000000  .00000023  00000-0  10000-3 0  9990
2 99103  97.5000 120.0000 0002000  90.0000 300.0000 14.89338871    10
ISRO-QKD-09
1 99200U 24001A   24165.00000000  .00000023  00000-0  10000-3 0  9990
2 99200  97.5000 240.0000 0002000  90.0000  60.0000 14.89338871    10
ISRO-QKD-10
1 99201U 24001A   24165.00000000  .00000023  00000-0  10000-3 0  9990
2 99201  97.5000 240.0000 0002000  90.0000 150.0000 14.89338871    10
ISRO-QKD-11
1 99202U 24001A   24165.00000000  .00000023  00000-0  10000-3 0  9990
2 99202  97.5000 240.0000 0002000  90.0000 240.0000 14.89338871    10
ISRO-QKD-12
1 99203U 24001A   24165.00000000  .00000023  00000-0  10000-3 0  9990
2 99203  97.5000 240.0000 0002000  90.0000 330.0000 14.89338871    10
